PoTTflAs’r Rssms'rnsss

10811 —— deest
10812 44 ἀθεεὶ
10813 44 deest
10814 44 ἀθεεὶ
10815 44 deem
10816 44 ἀθεεὶ
10817 44 deest
10818 44 deam
10819 44 ἀθεεὶ
10820 44 ἀθεεὶ
10821 -4 dcem
10822 44 4993
10823 44 4992
10824 44 4991
10825 44 deest
10826 44 5044
10827 44 4978
10828 44 ἀθεεὶ
10829 44 5000
10830 44 4998
10831 44 5002
10832 44 ἀθεεὶ
10833 44 ἀθεεὶ
10834 44 deest
10835 44 deest
10836 -4 deeffl
10837 —— deest
10838 44 5067
10839 -4 deest
10840 44 ἀθεεὶ
10841 44 5022
10842 44 5045
10843 44 deeffl
10844 44 ἀθεεὶ
10845 -4 5071
10846 44 5069
10847 44 ἀθεεὶ
10848 -4 5075
10849 44 deest
10850 44 5082
10851 44 5085
10852 44 5083
10853 44 5084
10854 -4 5091
10855 44 deest
10856 -4 deest
10857 44 ἀθεεὶ
10858 44 5123
10859 44 5135
10860 44 5122
10861 44 5126
10862 44 deest
10863 44 ἀθεεὶ
10864 44 5134
10865 44 5133
10866 -4 5139
10867 -4 5136
10868 44 5141
10869 44 5995
10870 44 deest
10871 44 5152
10872 4- 5161
10873 44 5162

10874 4- ἀθεεὶ

lurra-mxv

Al’l’ENlmzli

Has. ts‘rlffls

10875 44 5160
10876 5198
10877 44 ἀθεεὶ
10878 4- 5179
10879 44 asem
10880 —- deeffl
10881 44 5199
10882 44 ἀθεεὶ
10883 44 5183
10884 44 5184
10885 44 5175
10886 -- ἀθεεὶ
10887 44 ἀθεεὶ
10888 — 5143
10889 44- 5144
10890 5216
10891 5166,5167
10892 44 deest
10893 44 ἀθεεὶ
10894 44 5232
10895 44 5224
10896 44 5221,5222
10897 4 ἀ εἐνεὶ
10898 44 5228
10899 -4 5330
10900 44 deest
10901 44 ἀθεεὶ
10902 44 5233
10903 44 ἀθεεὶ
10904 — de& εὶ
10905 44 ἀθεεὶ
10906 44 devm
10907 44 ἀθθεὶ
10908 —— dee&
10909 44 5246
109111 deest
10911 44 deest
10912 44 5252
10913 44 ἀθεεὶ
10914 4 5255
10915 -4 5251
10916 4 ἀέεεά
10917 44 5260
10918 4- 5266
10919 ἀθεεὶ
10920 »4444 ἀθεεὶ
10921 v 0119
10922 44 daem
10923 5275
10924 44 5289
10925 5472
10926 -4 5559
10927 5542
10928 4- 5420
10929 deest
10930 44 555οἑι5553
5555
10931 deest
10932 -4 5277
10933 44 5278
10934 44 5279
10935 5280
10936 44 5292
10937 -4 4922

Ρι ιἰἐίἰωετ

10938

10939 44

10940

10941 44

10942

10943 44

10944
10945
10946
10947
10948
10949

5294

deeffl
ἀ ces!
ἀθεή
ἀθεεὶ
ἀθεεὶ
dee&
5704
5757

4 5635

10950 44
- 5830
4 5773

10951
10952

10953 4 -

10954
10955
10956
10957
10958
10959
10960
10961
10962
10963
10964
10965
10966
10967
10968
10969
10970
10971
10972
10973
10974
10975
10976
10977
10978

10979 44

10980
10981
10982

5306

4 ἀθεεὶ

5831

5756
5331

ἀθεεὶ
5302

ἀθεεὶ
deeffl
deest

4 (Ιθθεὶ

5315

4 5317

1 1 11 1 1 11 1 1

11

1

5313
5312
5318
5316
deest
5888
5320
5335
5334
5336
ἀθεεὶ
5326
5330
deam
deest
5345
deeffl

5357

4- 5353
⁷. 5354
10983 44

10984 44

10985 4

10986
10987
10988
111111ὲ11
10990

10992

11

5385
5363
5364
deest
5300
5362
5307

- 5390
10991 44

10993 44
10994 44
10995 44
4 5352
10997 44

111111113

10998
10999

11001

5377
5380
5370
5887
5886

deeffl
5940

· 6047
11000 44
4 (ὶθθεὶ

deest

5 5772

1”1νι·ἰ·ΗΑεΤ

11 ἱιῐιείἬ

11002 H„
11003 44-

11004
11005
11006
11007
11008
11009
11010
11011
11012
11013
11014
111115

11 1 11

1 11

11016 ⁷-

11017
11018
11019
11020

1

11021 -4

11022

1

l 111213 44-

11024
11025
11026

11026ίι

11027
11028
11029
11030
11031
11032
11033
11034
11035
11036
11037
11038
1 111ἑ3ἑ)
11040
11041
11042
11043
11044
11045
11046
11047
11048
11049

11115(1 4
11051 4
11052 4

11053
11054

5972
5983
5971
5984
5996
6000
5995
6003
ἀθεεὶ
(Ιθθεὶ
6001
6002
6004
6008
ἀθεεὶ
6007
ἀθεεὶ
6041
6042
6038,
6040
6036

4 6043

1 11 1 1 11 1 11 1 1 11

11 1

11

1111

11055 4-

11056
11057
11058
1111511
11060
11061
11062
11063
11064

6037
6045
6065
6048
ἀθεεὶ
ἀθεεὶ
6063
deest
6062
6059
605Ἇ
6060
6055
ἀθεεὶ
6072
6076
dcem
6067
deest
6094
ἀθεεὶ
6098
6096
6097
6099
6100
6095
(ὶθεεὶ
sivest
deest
dee&
deeffl
deest

4 ἀθεεὶ

ἀπῇ

4 deest

- ‹leest

- ἀθεεὶ

devm

> dcem

deest

Ε S

333

0039

6058

