mars vum-he 3581, 3583.

¹ avril

1

1 1 1 1 Ι 1

1

1 1 1 1 1 1 1 1 1

1

1

3593.

3609, 3610.
3584,3590

3587

3586.

3585, 3588, 359L
3611.

3589,ζἈῖΗὶ 3738.
3594, 3595. 3602.

3596. 3597, 3600,
3598

3603, 3604,

3599. 3608.

3617.

3607.

3605„:ssssu1

3625.

3614, 3615, 3618
3612, 3613, 3619.
3620,3621.

3627, 3628
3624,3636,3648
3626, 3634, 3635,
3739

3646,3647.

:³432311. :3‹3‡3 l, :3(3:3:2.
3629, 3638.

3645, 3657,ἓΉἉἈὴ
3663.

:ss551. 3656, 3668.
3642, 3643, 3644.
3623, 3649. 3650
3674.

3658, 3659, 3664.
369L

3689

3672, 3673, 3702
3705» 3706, 3707
3655, 3701, 3712.
3696. 369 7. 3⁴69 9.
3713

3692, 3693, 3694,
3698

3675, 3676, 3677,
3680, 3681, 3682
3685, 3686.

3665, 3666, 3687.
3723, 3724, 3725.

3730,

3731

(ssssssKHRElXsw-TABLES

3592, 360L
3640 364L
3622.

3637, 3669
3633, 3639.
3661, 3662,
3652, 3653.
3654.

3671, 3690

3703. 3704,
3708.
3700, 37041,
3695.
31378, 3679,

3683, 3684,

3688.

29
30
31

lnai xfitenbe 3711,3732,3737.
3714, 3715, 3721, 3745, 3877

1“ juin -η

22*ssle

16

20
22
25
26
27

1

6
10
11
13
15
16
18
21
23
28
29

30

ω
2010 —

mxlv)—

1 1 1

--
—n

“‘juisset

1
1

1
1

1
1

1
1

1 1 1 1 ἕ 1

1
1

1 1 1

1 1 1 1 1 1 1 1 1 1 1 1
Ι 1

1

1

,
ἓ,
1-0·

1
1 1 1 1 1 1 1

1
1

3667, 3716
3710, 3717

, 3718, 3719, 3720,

3726,3727.

3722.
3736.
3723
3741.
3735.
3750.
3747,
3742,
3752.
3744.
3757
3758.
3751.
3754
3755,
3760,
3763.
3762.

3748

3746

3767

3761

3729. 3733. 3734, 3740.

‚ 3749

3743, 3753.

3756.

. 3764.

3765.

3766, 3768,

3769.
3772.
3770
3812.
377]

3773, 3774.

3778.
3775,
3780
3782.
3781
3787
3783.

3776,

3777. 3779.

3784. 3785.

3786,
379st
3795, 3311
3788,

3789.
379L

3792. 3793, 3794,
, 3853.

3892.

3796,379Θ.

3816.
3824, 3825

. 3826,

3808, 3809, 3811ὴ 3829.

3814.

3800, 3801, 3802, 3803, 3804,
3805, 3806, 3807.

3813. 3815, 3832, 3836.

