1‹ ιι( xst· ttntalsTnEs
10555 4- deest
10556 deest
10557 44 dee&
10558 -4 deest
10359 «44 4247
105ιὲ0 — 4220
10561 44 4224
10562 44 ‹te-est
10563 44 4222
10564 -4- deest
10565 — deest
10566 44 ἀθεεὶ
10567 44 dee&
10508 deest
10560 44 4400
10570 44 4310
10571 44 4282
10572 ἀθθΜ
10573 44 deess
10574 ff< deest
10575 44 deest
10576 rrrrr deest
10577 deest
10578 44 deest
10579 —— 4265
10580 4280
10581 444 ἀθεεὶ
10582 4284
10583 44 4288
10584 44 4205
1058ῗ 44 4286
10586 44 deen
10587 44 dee&
10588 44 4283
10580 deem
10500 44 4316
1051Η 44- ἀθεεὶ
10502 44 4322
10503 -4 4333
10594 44 deem
10505 44 4335
10506 44 4334
10507 — ἀθεεὶ
10508 4 4337.
10500 44 4338
10600 44 ἀθεεὶ
10601 -4 4368
10662 44 ἀθεεὶ
10603 44 deem
10604 44 dteffl
10605 44 4384
10666 44 4370
10607 44 4358
10608 44 ἀθεεὶ
10609 44 deest
10610 44 4386
10611 44 4401
10612 -4 4304
10613 44- deest
10614 44 4403
10615 4404
10616 44 4402
10617 ‹laen-1
10618 deofl

4750

1“ι nux 1

10610
10620
10621
10622
11623
16624
10625
10626
16627
10628
10620
10630
10631
10632
10633
10634
10635
16636

11111

111

(zhlifl‹›1sst] IX

nefastum

4426
4466
4437
deest
deess
4441

deest
4453
4455

4471

4476
4477

4489
4490
4475
4486

- 4487

Δ 4488

10637 4

16638 v„
4 4484

10630
10640
16641
10642
10643
10644
10645

10648
10640
10650
10651
110152
10653
10654
10655
10656
10657
10658
10650
10660
10661
10662
10663
10664
10665
10666
10667
10668
10660
10670
10671

4482
4483

4478
4307

- 4499

deest
4497

· deest
10040 ⁷4
10647 44

1

1111111111111

1111

10672 44-
10673 ⁷-

11:074-
10075
11143715

10678
16670
10680
10681
10682

4513
4512
deest
deest
‹teest
4519
4528
‹leest
deest
deest
deest
deest
‹leest
deest
4567
4558
4570
ἀθεεὶ
4584
4583
4585
ἀθεεὶ
‹teest
4605
4627
4623
4624
4601
(1εθεὶ
4640

« 4630
10677 44

4637
4634

4 deest

> 4657
» 4646

4661

5 4608

TABLES

Ιί »ϊτΗΑεῬ Ιὶῐεάιετιιιῑε

10683
10684
10685
10686
10687
10688
10680
10600
10601
10692
10693
10694
10695
10606
10607
10608
10690
10700
10701
10702
10703
10704
10705
10706
10707
10708
10709
10710
10711
10712
10713
10714
10715
10716
10717
10718
10710
10720
10721
10722
10723
10724
10725
10726
10727
10728
10729
10730
10731
10732
10733
10734
10735
10736
10737
10738
10730
10740
10741
10742
10743
10744
10745
10746

11111111

111111111111

1111

111

1

1111111

111111

4647
ἀθεεὶ
4651
ἀθεεὶ
ἀθεεὶ
4692
4695
4696
4697
4693
4691
ἀθεεὶ
ἀθεεὶ
deest
4703
4708
deest
4726
dee St
4731
deest
deest
deest
deest
deest
deest
4741
4733
deest
deest
deest
4740
deest
deest
deest
4751
deest
deest
deest
deest
deest
5093
5117
deest
deest
deest
deest
4809
deest
deest
4844
deest

d2estin Psnthast

111111111

4878
ἀθεεὶ
‹teest
4832
4847
deest
deest
4860
4848
deefl
deem

suTTHAsT nnomrnss

10747 44 ἀθεεὶ
10748 -4 deest
10749 44 5025
10750 — deest
10751 -4 deest
10752 44 deest
10753 44 ἀθεεὶ
10754 44 4885
10755 44 ἀθεεὶ
10756 44 ἀθεεὶ
10757 44 deest
10758 —— 4761
10759 44 deest
10760 44 ἀθεεὶ
10761 44 deest
10762 —— 4880
10763 —— deest
10764 44 deest
10765 44 4881
10766 —— 5118
10767 44 deest
10768 —— deeffl
10769 44 deest
10770 44 deest
10771 —— 4895
10772 -4 deest
10773 -4 deest
10774 44 deest
10775 4- 4929
10776 44 deest
10777 44 4907
10778 -4 4908
10779 -4 4909
10780 44 4916
10781 -4 4915
10782 44 4912
10783 44 4914
10784 44 4919
10785 —— deest
10786 -4 deam
10787 —— ἀθεεὶ
10788 44 ἀθεεὶ
10789 44 deest
10790 44 deest
10791 44 ἀθεεὶ
10792 44 deeffl
10793 44 ἀθεεὶ
10794 44 4943
10795 -4 ἀθεεὶ
10796 44 ἀθεεὶ
10797 44 deest
10798 -4 deest
10799 44 ἀθεεὶ
10800 -4 deest
10801 44 4947
10802 44 deest
10803 44 deest
10804 -4 deest
10805 —- 5043
10806 444 ἀθεεὶ
10807 -4 ἀθεεὶ
10808 44 4998
10809 44 4962
10810 44 ἀθεεὶ

