’262 (iREGOIRE IX μ TARLES

pluralitas, 1. beneficiorum.

1'51411'11211121 indumenta sou xvstinwnta, 4841, 4844.

Partim, 070, 1255, 3258, 3614.

ναι-1161111111,9211, 1341, 2005 2006 2076,1221,59·64.

1)(18111111108, 669, 322),2⁸32131,4240,43-)).

Possessio corporalis, 1609, 1946, 1981, 4293.

Postulalio episcopi, 802. 2173, 2682, 3347, 3833,
3910, 3977, 4177, 4726.

Prelwnde, 433, 474. 646. 647, 672, 681, 872, 893,
916, 1039, 1116, 1235, 1514, 1575, 1585, 1655,
1767, 1812. 1831, 1832, 1945, 2574, 2589, 2695,
2697, 2880, 3226, 3507, 4022, 4296, 4541; »-
probanda 111onachalis, 745; — prebende sacer-
tlwlzll'es', 2906, 334οι —— prebendarum collatio,
126, 855, 973, 1088, 1182, 1294, 1318, 1364,
1630, 1876, 2009, 2312, 2983, 4324, 4710; —-
prebendarum numerus, 681, 1235, 1249.

Prdrndale beneficium, 736. 965, 973.

prebendarii, 4491.

Precentoria, 4423, 4636.

Preceptum apostolicum. 1617, 1693, 2132, 2155,
4532.

Prodicatio. 109, 111, 112, 129, 219, 236, 493, 754,
848, 940, 1017, 1180, 1253, 1257, 1392, 1402,
1403, 1534, 1538, 1539, 1581, 1773, 2098, 2127,
2203 ἐι 2210, 2287, 2429, 2482, 2586, 2630, 2647,
2724, 2730, 2790, 2946, 2947, 3388, 3483, 3485,
3486, 3490, 3690, 3937, 3944, 3945, 4056, 4059
ἐι 4062, 4147, 4206, 4734, 4992; — poedicatiO
indulgentie, 524, 1461.

I’ffllicatores, 108, 111, 113, 910, 911, 914, 1387,
1391, 2765,

1)1·«]”1111”1ς111111 non generandum, 663, 756, 2840, 3089,
3276, 3386, 3399, 3942, 3943, 4127, 4128, 4323,
4324, 4362.

Presbiter, 1145, 712, 1131, 1453, 1700, 2148', 3587,
5994; — presbiter maior, 1047.

Plescriptio, 694, 2892, 3297, 4709.

Psesentatio, 205, 272, 1184, 1226, 1360, 1874, 2120.
3479, 3698, 4721, 4738.

Prostimsmium, 2015, 3797, 3798, 4807, 5231, 6083.

Primus, 272, 696, 3597, 4293, 5026 11 5029, 5032,
5034 1“1 5040, 5042.

1111111111 96 ἐι 98, 353, 488, 702, 721, 790, 1907,
27918, 2799, 2887, 2908, 3148, 4120, 4936, 5040,
5285.

Primanus, 849, 5042.

Primitic, 100, 180, 1296, 1352, 1909.

Prior major, 1103, 1208, 2724.

Prioralus, 1118, 3045, 30451113, 4317, 4433, 5075.

Prioris officum, 1612, 1617.

privilegia, 202, 208, 1001, 1531, 1942, 2892, 4371,
4372, 4400.

Proh-atio clerici seu novitii, 572, 605, 3172, 3173.

Processu), 447. 1045, 1466, 4293, 4490.

Processu& 2179, 3599, 3764, 3765, 4638.

Procurationes, 19⁴6, 445, 654, 802, 951, 954, 961,
966, 1021, 1022, 1110, 1126, 1127, 1139, 1158.
1167, 1192, 1258, 1327, 1328, 1367, 1368, 1424,
1683, 1687, 1722, 1770, 1781, 1835, 1854, 2064,
2160, 2161, 2162, 2311, 2383, 2393, 2753, 2818,
2865, 3243 3244, 3392, 4072, 4175, 4203, 4248,
4328, 4352, 4431, 4491, 4524, 4754, 4773, 5968.

1111111111()14114,519, 1369 1528, 1582, 1586, 2019,
2391, 2477 a 2480, 2717, 2893, 3811, 4480, -
procurator falsus, 397, 1639, 2659; — procura-
1111· contumax, 4389, 4390; — procurator infi-
delis, 3588.

Professio, 572, 605, 3216, 4033.

Professores, 731, 3172, 3173.

Professus, 572, 605.

Promotio episcoporum, 1989, 1990.

Proprietarii, v. monachi.

prorogatio, 812, 813, 1580, 2755, 2623, 3460, 3461,
3934, 3935, 3938 ὲι 3940, 3984, 4012, 4399, 4494,
4552 {1 4555.

Proh-ctio apostolica, 18, 41, 74, 95, 100, 105, 120,
123, 152, 154, 164, 180, 194, 201, 209, 210, 241,
244, 272, 280, 285, 300, 301, 313, 330, 337, 344,
370, 377, 391, 400, 432, 435, 453, 448, 602, 752,
792, 799, 896, 914, 931, 1032, 1033, 1153, 1194,
1221, 1252, 1256, 1263, 1333, 1336, 1343, 1361,
1399, 1521, 1556, 1578, 1596, 1603, 1645, 1647,
1654, 1735, 1785, 1787 {1 1791, 1829, 1830, 1839,
1856, 1896, 1898, 1960, 1972, 2027, 2059, 2094,
2121, 2123, 2319, 2335, 2401, 2441, 2453, 2469,
2511, 2525, 21537, 2563, 2642, 2653, 2654, 2721,
2761, 2794, 2813, 2823, 2849, 2952, 2956, 3014,
3144, 3151, 3154, 3245, 3251, 3253, 3272, 3274,
3448, 3454, 3587, 3603, 3604, 3638, 3722, 3729,
3743, 3886, 4003, 4005, 4010, 4112, 4221, 4273,
4275, 4439, 4487, 4488, 4637, 4644 4654, 4655,
4659.

Provontus, 845, 847, 872, 991, 1163, 1215, 1345,
1363, 1612, 1680, 2087, 2117, 2990, 3080, 4298,
4305, 4341, 4379, 4431. 4536, 4546, 4563, 4719,
5250.

Provisin, 271, 1105, 1555, 1572, 1601, 1664, 1975,

