1⁴'‹·1·'1HAsT

9027
0028
9029

0030 4Ᾰ

0031 44

0032
0033

9034 -
9035 ›—<
{9112313 > ⁷<

0037
0038
0030
0040

0041 4-

0042
0043

0044 ⁷-

9045
9040
9047
0048
9040
9050
9051
9052
9053
9054
9055
9050
9057
9058
9059
9000
9001
9002
0003
9004
9005
9000
0007
0008
9009
9070
9071
9072
0073
9074
0075
9070
0077
9070

9078³

9079
9080
9081
0082
0083
0084
0085
0080
0087

1111111111111111111111

11111111111111111

1

0088 -

0080

ὶυπηετῃεε

‹teest
938
deest
940
936
943
deest
942
deest
deest
deest
deest
deest
deest
047
ἀθθεὶ
deest
950
1007
deest
deest
deest
deest
961. 2161
967
978
070
071
976,977
988
993
‹leest
deest
deest
1008
deest
dtest
1017
1015
1016
‹leest
1459
‹teest
1028
1036
745‚1038
deest
deest
deest
deest
deest
deest
deest
1066
1069
deest
1068
1075
deest
‹teest
1085
1093
1092

Δ 1110

1*‹«1”1·HAST

0000 44
0001
0002
0003
0004
9095
9096
9097
9098

11111111

0000
0100
0101
0102
0103
0104

111111

0105
0100
0107
0108
0100
0110
9111
9112
0113
0114
0115
0110
0117
0118
9110
9120
0121
0122
0123
0124
0125
0120
0127
0128
0120
0130
0131
0132
0133
0134
0135
0130
0137
0138
0130
0140
9141
9142
0143
0144
0145
0146
0147
0148 4-
0140 44

1 1

11111111

1111111

111111111111

1111111

0150 44
0151 -4
0152 44
0153

GREGOHU31x-4*TABLES

1³201srnns

deest
deest
deest
1099
1113
1098
1117
1100
1107
1133
1116
deest
deest
deest
deest
1115
113613)
1142
1143
1149
deest
deest
1159
1167
deest
1169
deest
1166
deest
deest
1183
1171
ιάθθεὶ
deest
(teest
1180
1181
deest
deest
1197
deest
1203
deest
1210
1209
1222
1195
1198
1204
1220
deest
1217
1228
deest
deest
deest
deest
1245
1238
1237
1242
1257
1253

4« deest

Ι ΡωτΤΗΑετ REG1STnEs

9154 44 1249
9155 44 deest
9156 —- deest
9157 -4 deest
9158 4- deest
9159a 44 deest
9160 44 deest
9161 4- deest
9162 — deest
9163 ——- deest
9164 deest in Potthast
9105 44 deest
9166 —— deest
9167 44 deest
9168 —— 1281
9169 4- 1277
9170 4- 1272
0171 44 1270
0172 44 1271
9173 -— 1273
0174 44 deest
9175 —— 1268
9176 44 deeffl
9177 44 deest
9178 44 1288
9179 -4 1289
9180 -4 1290
9181 44 1303
9182 44 1292
9183 44 deest
9184 —— deest
9185 deestin Potthast
9186 -4 deest
9187 44 deest
9188 44 deest
9189 44 deest
9190 deest in Potthast
9191 44 deest
9192 44 1307
9193 44 1304
9194 44 1306
9195 44 deest
9196 44 deest
9197 44 deest
9198 44 1316
9199 44 1320
9200 44 1321
9201 44 1583
9202 44 1358
9203 44 1324
9204 -4 deest
9205 —— 1339
9200 -4 1349
9207 44 1344
9208 44 1333
9209 44 deeffl
9210 - 1354
9211 -4 1377
9212 44 1361
9213 -4 1367
9214 -4 1368
9215 44 1343
9216 44 deest
9217 44 1352

ι ΓυττΗΑετ REGffiTuEs

9218 44 deest
9219 44 1356
9220 44 1420
9221 4- 1357
9222 44 1390
9223 44 deest
9224 44 1372
9225 -4 1370
9220 44 1387
0227 4- deest
9228 44 deest
9229 -4 1394
9230 —— 1391
9231 -4 1392
9232 44 1385
0233 44 deest
9234 44 deeffl
9235 44 1410
9230 44 1402
9237 —— deest
9238 44 1414
9239 44 deest
9240 —— 1428
9241 44 6180
9242 -4 1435
9243 44 1436
9244 44 deest
9245 44 deest
9246 44 deest
9247 -4 deest
9248 44 deest
9249 44 deest
9250 -4 1453
9251 —— dee&
9252 44 1450
9253 -4 1455
9254 44 1454
9255 44 deest
9250 -4 deest
9257 44 1461
9258 44 1449
9250 44 1460
9260 44 deest
9261 -4 1404
9262 -4 1469
9263 44 deest
9264 44 1470
9265 -4 deest
9266 44 1552
9207 44 deest
9268 44 1487
9269 44 1488
9270 —— 1492
9271 44 1497
9272 44 1498
9273 44 1499
9274 —— 1500
9275 44 deest
9270 —— deest
9277 —— deem
9278 -4 1504
9279 44 1510
0280 44 1503
0281 1540

