APPENDICE 329

ΡοττΗᾼετ Immunes 1-ἰιιἿΗΑετ ὶὶειιιετῐῑεε ι summm· Remsnffis humus

Τ Rt-:fllet-:s

9791 4 2344 9854 4 2446 9918 4 2585 9982 4 2732
9792 4 deest 9855 4 2445 9919 4 2653 9983 4 2715
9793 4 deest 9856 4 deest 9920 4 2582 9984 4 2714
9794 -- deest 9857 4· deest 9921 4 2561 9985 4- 2723
9795 4 2302 9858 4 deest 9922 4 2581 9986 4 2726
9796 4 deest 9859 4 deest 9923 4 deest 9987 4 2721
9797 4- 2315 9800 4 deest 9924 4 deest 9988 4 2724
9798 4 deest 9861 4 (1εὲ St 9925 4 deest 9989 4· 2725
9799 4 2322 9862 4 2464 9926 4 2595 9990 4 deest
9800 4 2323 9863 4 dees-t 9927 4 2589 9991 4 2734
9801 4 deest 9864 4 deest 9928 4 deest 9992 4 deest
9802 4 dees-t 9865 - deest 9929 4 2600 9993 4 2736
9803 4 deest 9866 4 2474 9930 4 deest 9994 4 2737
9804 4 deest 9867 4 2505 9931 4 2607 9995 4 2735
9805 4 2328 9868 4 deest 9932 4 2630 9996 4 deest
9806 4 deest 9869 4 deest 9933 4 2648 9997 4 deest
9807 4 2335 9870 4 2506 9934 4 deest 9998 4 2733
9808 4 deest 9871 4 2507 9935 4 2605 - 9999 4 deest
9809 4 deest 98 72 4 deest 9936 4 deest 10000 4 deest
9810 — deest 9873 4 2504 9937 4 2639 10001 4 2794
9811 4 2342 9874 4 deest 9938 4 deest 10002 4 2750
9812 4 2332 9875 4 deest 9939 4 deest 10003 4 deest
9813 4 2331 9876 4 2502 9940 4 2642 10004 4 deest
9814 4 2:533 9877 ⁷4 deest 9941 4 2647 10005 4 2761
9815 4 2337 ειεῖε 4 2511 0942 4 2650 10000 4 2754
9816 4 2330 9879 4 deest 9943 4 deest 10007 4 2755
9817 4 dee-‚t 9880 4 deest 9944 4 2654 10008 4 2758
9818 4 deest 9881 4 deest · 9945 4 deest j 10009 4 2755
9819 4 deest 9882 4 deest 9946 4 2558 10010 4 2756
9820 4 2404 9883 4 2521 9947 4 4 deest 10011 4 2757
9821 4 deest 9884 4 deest 9948 4 2661 10012 4 2759
9822 4 deest 9885 4 deest v 9949 4 2662 10013 4 2760
9823 4 deest 9886 4 2529 9950 4 2668 10014 4 deest
9824 4 '2387 9887 4 deest 9951 4 2664 10015 - 2767
9825 4 deest 9888 44 2525 9952 4 2651 10016 4 deest
9826 4 2413 9889 4 2533 9953 4 deest 10017 4 deest
9827 4 deest 9890 4 deest 9954 4 deest 10018 4- 2778
9828 4 deest 9891 4 deest 9955 4 2670 10019 4 2769
9829 4 2408 9892 4 deest 9956 4 deest 10020 4 2771
9830 4 deest 9893 4 2535 9957 4 deest 10021 4 2782
9831 4 deest 9894 4— 2537 9958 4 deest 10022 4 27 73
9832 4 deest 9895 -4 2538 9959 4 deest 10023 4 2780
9833 4 deest 9896 4 deest 9960 4 deest 10024 4 2785
9834 4 deest 9897 4 deest 9961 4 deest 10025 4 deest
9835 4 deest 9898 4 deest 9962 4 deest 10026 4 deest
9836 4 deest 9899 4 deest 9963 4 deest 10027 4 2790
9837 4 deest 9900 4 2544 9964 4 deest 10028 4 2789
9838 4 deest 9901 4 2546 9965 4 2681 10029 4 deest
9839 4 deest 9902 4- deest 9966 4 deest 10030 4 2804
9840 4 deest 9903 4 2586 9967 4 2689 10031 4 2811
9841 4 deest 9904 4 deest 9968 4 deest 10032 4 d eest
9842 4 deest 9905 -4 deest 9969 4 2691 10033 4 deest
9842a 4 deest 9906 4 2604 9970 4 2690 10034 4 deest
9843 4 deest 9907 4 deest 9971 4 2692 10035 4 deest
9844 4 deest 9908 — deest 9972 4 2693 10036 4 deest
9845 4 2429 9909 4 2563 9973 4 2702 10037 4 deest
9846 4 2430 9910 4 2562 9974 4 2703 10038 4- deest
9847 4 2451 9911 4 2561 9975 4 2706 10039 4 deest
9848 4 deest 9912 4 2564 9976 4 2699 10040 — —- deest
9849 4 2435 9913 4 deest 9977 4 2700 10041 44 2823
9850 4 2441 9914 4 2694 9978 4 2701 10042 4- 2824
9851 4 deest 9915 γ 4 2566 9979 4 2709 10043 4 ‹lefst
9852 4 2477 9916 -4 deest 9980 4 deest 10044 4- 2825
9853 44 deest 9917 4 2575 9981 44 ἀθεεὶ 10045 4- 2827

