1590p
18991)
ᾎΞὸΘΡ
JSaop
2533p
939
169
181
lsaop
lsaep
lsoep
sssaap
8L05
3L03
1108
1906
1saep
1L05
8108
LL05
{seap
8L05
1833p
9905
18639
1833p
3603
6905
1905
1seep
9105
1105
1103
9105
L905
2saap
{saep
{saep
5905
0905
3833p
6105
L105
9105
9805
9805
8005
9661
8005
1saep
1001
1005
6661
8661
lsozp
6861
0861
6L61
9L61
9L61
ιςθῡρ
1001
6961
1961

11 1 1 1 Ι1 1 1 1 11 1 1 1 11 1 1 1 11 Ι Ι 1 11 1 1 1 11 1 1 1 ΙΙ 1 1 1 11 1 1 1 11 1 1 1 11

1 1 11 1 1 11 1 11

9896
9896
1896
8896
5896
1896
0896
6596
8596
L596
9596
9596
1596
8596
5596
1596
0596
6196
8196
1196
9196
9196
1196
8196
5196
1196
0196
6096
8096
L096
9096
9096
1096
8096
5096
1096

0096 ;

6616
8616
1616
9616
9616
1616
8616
5616
1616
0616
6816
8816
1816
9816
9816
1816
8816
ῑ816
1816
0816
6116
8116
1116
0116
9116
1116
8116

0311101931] ,ις vus-104

L58

0961
2saap
L961
lseap

1161
ιςοορ

1961
zsaep
L861
ιςθορ
1833p
9561
5861
JSeop
Qseop
vsoep
18399
sssaep
10009
ιςθθρ
6061
1saap
2333p
1539p
8881
1561
JSaap
Jseop
0181
1seap
L981
L981
6981
8981
0981
6181
1981
{saep
1sa3p
ssaap
1981
1soap
qseap
1181
1saap
JSaep
5181
1532p
1539p
zsoap
ssseop
xsaop
JSasp
1saop
1sa2p
lsaep
ιςθόρ
1181
0881
1181
1611
9181
ιςεθρ
1saap

szuusmafl

1 Ι 1 Ι 1 ΙΙ 1 1 1 1 1 1 1 1 1 1 1 1 1 1 1 1 Ι 1 1 1 1 Ι 1 1 1 Ι 1 Ι 1 1 1 1 1 1 1 1 1

μ 1 Ι 1 1 11 1 1 1 1 Ι 1 11 1 1 1

5L16
1L16
0L16
6916
8916
L916
9916
9916
1916
8916
5916
1916
0916
6916
8916
1916
9916
9916
1916
8916
5916
1916
0916
6116
8116
1116
9116
9116
1116
8116
5116
1116
0116
6816
8816
L816
9816

9816 >

1816
8816
5816
1816
0816
6516
8516
L516
9516
9516
1516
8516
5516
1516
0516
6116
8116
L116
9116
9116
1116
8116
5116
1116
0116
6016

SVHMQI

2191(1x[-1<1‹11·

9905

1⁵0³P „
lseap
{saep
9081

1 1 11

9611
1611
8611
1081
98L1
6811
lsaap
1111

1 11 1 1’

9111
8811
1111
lsaap
1811
58L1
1811
{saep
89L1
8811
100;ρ
9111
9911
100ου
1233p
15391)
19L1
6811
ιςεθμ
58L1
65L1
85L1
61L1
1saep
13331)
85L1
lsaep
51L1
’9111
1saop
lsa*p
1111
6991
lseep
1202p
6L91
8L91
1191

1 1 11 1 1 1 11

1 11 1 Ι 1 11 Ι 1 1 1Ι Ι 1 1 1 1 1

11

9891
15:311

15331)
8691
6891
8991
6191
1191

1 1 Ι 11

8191
1saap
9191
1991
1533p *j
6891 1

saussfflussfll

8016
L016
9016
9016
1016
9016
3016
[016
0016
6686
8685
1686
9686
9686
1686
8686
5686
1686
0686
6886
8886
L886
9886
9886
1886
8886
5886
1886
0886
6186
8186
1186
9186
9186
1186
8186
5L86
1186
0185
6986
8986
1986
9986
9986
1986
8986
5986
1986
0986
6986
8986
L986
9986
9986
1986
8986
5986
1986
0986

*Α 6186
’ΛΑ 8186
·-” 1186

9186
9186

,101111οῳ1 ι

waep
1seep
6591
8991
0191
2soap
1so3p
133³p
1191
1saap
L691
1saep
1saap
1203p
0691
ᾏΞΘΘΡ
1691
ψςοθρ
8891
Qsoop
13999
1891
1891
0891
5891
1soop
1303p
JSaOp
1L91
xsaap
1191
1009ρ
ιςθθρ
2soep
{soap
9891
sssoop
15309
xsaop
5591
1591
8591
6591
1saep
L891
8891
9891
1891
1332p
8891
1saop
9191
2seep
5915
1saep
lsaap
1seap
ssseop
2290p
1333p
1seap
1230p
Qsaap
1seep

1 11 1 11 1 11 Ι 11 1 11 11 1 11 1 11 1 11 Ι 11 1 11 1 11 1 11 1 11 1 11 1 11 1 11 1 11 1 11 1 11 Ι 11 11

1126
2126
3126
1126
0126
0000
0000
1000
9000
0000
1220
0000
3000
1000
0000
0300
0300
1300
9300
0300
1326
0300
3300
1300
0300
0100
0100
3100
9100
0100
1100
0100
3100
1100
0100
0000
0000
1000
9000
0000
1026
0000
3000
1000
0000
0030
0030
1030
εο030
9030
0030
1636
0030
3030
1030
0030
0030
0030
1030
9030
0030
1830
2236
3030

Sausssmag agnino-1

