17
19
20
23
25
27
31

6

7
14-
21·
25
26
27
28

janv.

ξιιιιιιιῑέιιιιιι

[11111111

111

1

l

avril

llll

1111111111

ἱ

1111

Latran 531.

ἰΙΙ’,ἰίΙΙΙΕῙΙΗΙΙΗΙΙΙΙΙΙΙΙΙΗΙΙΙ

ΙΙΙΙΙ

11111

1111

ΙΝ Ι >Ex (LHRONOLOGICUS

29 avril Lau-an 635),646.

 

 

529. 30 4 4 644,

530. 5 mai 44 641.

538. 6 44 44 637, (538, 639.

532, 533. 7 —- — 651, 672.

534. 8 -. 4 656.

536. 9 — — 649, 657.

542. 10 4< 4 648, 650.

537. 12 -· 44 645.

551. 14 4 44 652.

550, 552, 553, 554, 555, 15 —- —- 653, 655, 658.

543. 17 4 4 654.

544, 545, 546, 547, 548, 559, 18 44 — 660

556, 560, 580. 21 4 44 661, 713.

549, 557, 558. 22 4- 44 659.

561. 26 — Rieti 667, 668.

562. 27, 4 44 665.

575. 7 juin 4 - 664.

573. 10 4 4 663.

563. 12 — — 671.

568. 13* —⁴ 44 666.

1048. 16 — — 670, 687 (1).

564, 565, 566, 574. 18 4 4 669 (1).

567, 569. 20 — 674.

576, 577. 22 44 675.

571, 572, 578, 581, 24 4 44 673.

579. 5 juillel 676, 677. 678.

582. 8 -· 4 679.

583. 11 4 4 680.

585, 586. 587, 588, 603. 16 44 683.

584, 601. 18 4 -4 684.

589, 591, 592, 593, 605, 608. 20 —- 4 688, 689, 690, 691, 692, 694.

594, 595. 604. 21 — 697.

596, 597, 600. 611. 23 4 720.

598. 606. 26 4 ⁷ 686.

590, 599, 612, 614. 27 44 44 685.

609, 610, 636. 28 4 — 745.

602, 615. 31 4- 44- 693, 696.

632. 4 ιιοίιΙ, - 695.

607, 640. 11 4· 44 698, 699.

616, 618. 12 -Α 4 700.

613, 617, 634. 13 — 4 701.

619, 622, 623, 625, 633, 662. 20 — 4 702, 703, 704.

628. 23 4 4- 707.

624. 28 44 4 714.

626, 627. Α

(342, ‘5⁴7‘ ⁴* (1) Les pibcffis 687 el 669 snm datam> 11·>1›ectix·c1nent dc>

(320- 629· xvl et xlv des calentlcs (lc juin. Mais i] semble quc (}rdg‹›i1·‹·lx

[521 soit rest(- ἱι Romu jusqu‘au 22 mai au moins: aussi a-t-on

630* (531 643 ert-1lpouvfflrssuplposvll· qfle errem· du c‹›piste et rktablir
³ ⁵ · η « ju 11 ru au leu (υ. ιι Junn υ

