:7:30

1: sTHAsT

ἕῖΕιὶιςτιι

10046 - 4

10047
10048
10049
10050
10051
10052
10053
10054
10055
10056
10057
10058
10059
10060
10061
10062
10063
10064
10065
10066
10067
10068
10060
10070
10071
10072
10073
10074
10075
10076
10077
10078
10070
10080
10081
10082
10083
10084
10085
10086
10087
10088
10089
10000
10091
10092
10093
10094
10095
10096
10097
10098
10099
10100
10101
10102
10103
10104
10103
10106
10107
10108
10110

111111111111111111111111111111111111111111111111111111111111

9

deest
deest
deest
2832
2833
2837
deest
deest
2848
dee&
2795
deest
deest
2856
09981
2861
09981
09981
2880
2879
2872
2887
2882
2889
deest
deeffl
deest
deest
deest
deest
deest
deest
deest
2907
2900
2917
2918
deest
deest
2998
2920
2931
2935
deest
2945
2949
2952
2961
2959
2054
2963
2996
2958
deest
2969
deest
2967
2968
09981
09981
deeffi
deest
09981
2986

ES

{mrsu 181·

‹ssnxnnREIX-— TABLES

ltemsssmzs

10110 44 2993
10111 44 deest
10112 44 deest
10113 44 2992
10114 44 3006
10115 44 09981
10116 44 01981
10117 --4 deest
10118 44 deest
10110 — deest
10120 44 dee&
10121 44 deest
10122 44 3016
10123 44 deest
10124 44 3046
10125 44 3079
10126 44 deest
10127 44 deest
10128 44 3084
10120 44 3051
10130 44 09981
10131 44 deest
10132 44 09981
10133 4 deest
10134 44 3060
10135 44 3070
10136 44 3074
10137 44 deest
10138 44 3082
10139 deest
10140 44 deem
10141 44 3092
10142 44 3103
10143 — dee&
10144 44 099Μ
10145 3120
10146 3149
10147 44 3121
10148 44 3137
10149 44 3135
10150 44 3126
10151 44 3126
10152 -4 3127
10153 3112
10154 deest
10155 44 3123
10156 -4 deest
10157 44 3141
10158 44 3143
10150 44 3150
10160 444 deest
111161 4-4 (11981
10162 44 deest
10163 44 099Μ
10164 44 deest
10165 44 3156
10166 -44 deest
10167 44 deest
1016& 4 deest
10169 44 deest
10170 44 3166
111171 44, :3165
10172 44 3160
10173 44 desffi

l‘oTTHAST Reum-rufis

10174 44 3164
10175 44 deest
10176 -4 deest
10177 44 3183
10178 44 deest
10179 44 3178
10180 44 deest
10181 44 deest
10182 44 deest
10183 44 deest
10184 —— 3177
10184(Add)3179‚
10185 44 deest
10186 44 deest
10187 44 deest
10188 44 deest
10189 44 dee&
10190 44 3204
10191 44 3205
10192 -4 3209
10193 -4 3197
10194 -4 3195
10195 44 3203
10196 -4 deest
10197 44 deest
10198 44 3200
10199 44 deeffl
10200 44 3213
10201 44 deest
10202 deest
10203 44 deest
10204 44 deest
10205 —— 3218
10206 44 3236
10207 44 deem
10208 deest
10209 44 deest
10210 44 deest
10211 44 09981
10212 44 3241
10213 44 deest
10214 44 deest
10215 —— 3245
10216 44 3255
10217 3558
10218 44 3253
10219 44 3251
10220 44 3267
10221 44 deest
10222 44 deest
10223 44 3272
10224 -4 3274
10225 44 3273
10226 44 3275
10227 44 3296
10228 44 3288
10229 44 3301
10230 44 3300
10231 44 3298
10232 44 3304
10233 44 deest
10234 44 3307
10235 44 099Μ
10236 44 3315

3180

Parvum· ansrmzs

10237 44 3317
10238 44 3313
10239 44 deest
10240 44 deest
10241 -4 dee&
10242 44 3319
10243 44 3308
10244 44 3328
10245 44 3336
10246 44 3327
10247 44 3321
10248 44 3324
10249 44 3335
10250 44 3330
10251 -4 deest
10252 44 3338
10253 44 deest
10254 44 3342
10255 44 3362
10256 44 deest
10257 44 deest
10258 44 deest
10259 44 3374
10260 44 3375
10261 44 deest
10262 44 09981
10263 44 3382
10264 44 3381
10265 44 3410
10266 44 deest
10267 44 3386
10268 44 3384
10269 44 deest
10270 44 3387
10271 44 3392
10272 44 3395
10273 44 3393
10274 -4 dee&
10275 44 3399
10276 -4 deest
10277 -4 deest
10278 44 3411
10279 44 3409
10280 -4 3408
10281 44 3443
10282 44 deest
10283 44 deest
19284 44 3427
10285 -4 deest
10286 44 deest
10287 44 deest
10288 —— 3457
10289 44 09981
10290 44 3449 ὲ 3452
10291 -4 deest
10292 44 3481
10293 44 3494
10294 44 3495
10295 44 3498
10296 44 3496
10297 -4 3483
10298 44 3480
10299 -4 3509
10300 -4 3527

