INDEX NOTABILIL'M RERUM 265

simoniaci, 1174, 1658, 2685, 4038, 4121, 4946.

Sindici, 730, 842, 1582, 1591, 1674, 1675, 1997,
2674, 2675, 2762, 2767, 4240, 5281, 5319, 5937.

Soldanus, 187, 304, 306, 309. 320, 321, 324, 699,
1099, 1100, 1337, 1338, 1344, 2184, 2200, 2423,
2473 ἐι 2475.

Soluta, 78, 80, 243, 2076, 2487, 2519, 4083, 4580,
4954, 4966, 5246.

Sorores, 1210, 1797.

Speroniste heretici, 332.

Spoliatio, 1297, 2133, 2143, 2149, 2482, 3018, 3032.
3043, 3113, 3114, 4333; j spoliatio ecclesiarum.
1508, 1574, 2134, 2376, 2482, 2732, 2798, 2799,
2986; —- spoliatio episcoporum, 2753, 3113.
3114, 3141, 3861, 4499; Λ spoliatio monaste-
riorum, 1686, 2885.

Sponsalia, 15, 16, 719.

Statum, 316, 539, 572, 604. 605, 659, 866, 936, 937.
991, 1044, 1253, 1272, 1325, 1541, 1586, 1604,
1605, 1612, 1667, 1690. 1822, 1879, 1979, 2054,
2080, 2142, 2293, 2335, 2383, 2393, 2527, 2630,
2660, 2728, 2737, 3029, 3126, 3172, 3173, 3207,
3228, 3337, 3769, 4288, 4342, 4431, 4491, 4569;
-—- statuta iniqua, 1062, 10-80; - statuta civi·
tatum, 1272, 3042, 3670, 3710; — statuta ordi-
num, 598, 611, 645, 710, 745, 1038, 1060, 1198,
1739, 1797, 1979, 2151, 2214, 2498, 2548, 2549,
2836, 2953, 2980, 3045, 3087, 3091, 3107, 3150,
3343, 3367 ξι 3371, 3411, 3412, 3463, 3602, 3613;
— statutorum confirmatio, 780, 885. 1249, 1266.
1273, 1325, 1680, 1719, 1955, 1969, 1978, 2080.
2120, 2148, 2163, 2306, 2330, 2902, 2905, 2906,
3008, 3340, 3656, 3740, 3741, 4391; - statuto-
rum revocatio, 1039, 1292, 1617, 1693, 2536.
2961 ὲ 2966, 3640, 3641, 4405, 4690.

stipendiarii, 4027 ὲ 4029.

Stol‘a, 4740.

Studium, 1879; —- studium Vercellense, 1231: μ
studium parisiense, 374, 375, 381, 450, 607, 618,
1310; - studium Tholosanum, 1267, 1273,
3126, 3127, 3699.

Suhdelegati judices, 2217.

Subdiaconatus, 1064.

subdiaconi, 328, 645, 973, 1059.

subjectio ecclesie seu monasterii. 667, 848, 2712.

Subrogatio, 127, 519, 1198, 2750, 3586, 3616; ——
subrogatio judicum. 1198, 1698, 1739, 1740,
4514, 4581.

subsidium. 941, 948, 949, 975,
3315, 3316, 4662.

Subventio, 334, 661, 841, 894, 895, 902 ἐι 906, 948,
1622, 1623.

Supprior‚ 1612.

Suspensio, 467, 650, 658, 704, 979, 1085, 1121, 1150,
1158, 1174, 1179, 1183, 1198, 1214, 1230, 1278.
1378, 1518, 1519, 1520, 1544, 1545, 1546, 1632.
1639, 1658, 1685, 1696, 1741, 1824, 1872, 1881.
1972, 1991, 2058, 2217, 2294, 2297, 2322, 2325,
2328, 2391, 2417, 2419, 2446, 2469, 2488, 2617,
2698, 2832, 2854, 2865, 2891, 2937, 3045, 3115,
3120, 3170, 3221, 3249, 3456, 4174, 4318, 4549,
4571, 4710; -4 suspensio manuum, 988.

Synodus, 298, 1194, 1676, 2854, 2937.

1209, 1622, 1623,

Τ

Tabelliones, 500, 749, 1668, 1837, 2801.

Tallia, 54, 424, 425, 955, 1729, 1909, 2382, 2482,
3670, 4018, 5092.

Taxatio, 362, 363, 607, 618, 661, 841, 894, 948, 949,
984, 2937, 3301, 4446.

Tertia, 2015, 2194, 2195, 3405, 4035, 4546, 4547,
4878, 5408, 5954. 5989, 6089.

Testamentum, 539, 633, 653, 697, 890, 955, 1132,
1819, 2332, 2817, 3815, 4916.

Testandi taculum, 124.

Testes, 98, 911, 913, 1043, 1155, 1242, 1574, 1907,
2213. 2318, 2444, 2677, 2751, 3418, 3497, 3743,
3758, 3815, 3852, 4021, 4023, 4078, 4119, 4240,
4243, 4440, 4758.

Testimoniales littere, 1639, 3223.

Testimonium, 356, 655, 1516, 3250.

Theologi, 874, 2450, 3463.

Theologica facultas, 450, 927, 982, 1167, 1310, 1464,
1769, 2006, 2340, 2844, 2950, 3463, 4416, 4420,
4514, 6088.

Theologia, 607, 2163, 389Ο; - theologie doctor,
1620; — theologie facultas, 1548; — theologie
magistri, 203, 607, 4783; ψ theologie studium,
1059, 1310, 1548.

Tonse littere, 246, 1896, 1897,

Tonsura, 284, 1254, 1442, 1612, 1656, 4438, 5295.

Tonsurandi licentia, 711.

Torneamenta, 1729, 4206.

Translatio, 449, 2944, 3853; — translatio abbatis,
1117: d translatio ecclesie cathedralis, 4183,

