258 (minumum ΙΧ

jurati, 868, 1466, 2334, 3714. 4287, 4498, 5066,
5295, 5973.

Juratoria cautio. 998, 1250. 1466, 1944, 2294, 2420,
2559, 2798, 2854, 2999, 3006, 3038, 3353, 3371,
3379, 3540, 4497.

Jurisdictio, 345, 590, 603, 1001. 1291, 1342, 1404,
1776, 2164; -— jurisdictio ordinaria, 551; —
jurisdictio tfflnporuli& 534. 1243. 1549, 1550,
1551, 1842; — ju1isdicti0nis usurpatis), 360.
1136, 1222, 1292, 1892,

.1111·1ς])ε“1·111, 866, 2939, 3360.

,1115 canonicum, 121, 1600, 2844, 4567; ἡ jus civile,
1599, 3004. 4567: — jus episcopale, 2028, 2505;
*j jus parrochiano, 773: ᾈ jus patronatus. 946,
1700, 2699, 4705; —a jus primatie, 5285; - jus
synmdaff. 272: 4- iura archidiaconnlia, 2375,
—— jura episcopalia. 2320, 2332, 2392, 2393,
2444, 4709; νᾈ jura regalia. 1069. .

Ju÷ji1randum 238, 865.

Justitiaratus, 427, 3230.

Justitiarii imperiales, 38, 563, 1092, 4453; -ν jus-
titiam-ii regni Anglie, 688, 689, 806. 807, 1561,
1562, 15163; j justitiarii Hibe-mie. :31983 —

justitiarii regni Sicilie, 425. 427, 3361,

K

Kenesius, 3272, 3273.

L

Laici, 70, 219, 539, 695, 816, 882, 937, 1150, 1225,
1693, 1782, 1784, 2297, 4442,

Legata, 1132, 1579, 2098, 2100, 4143, 4144, 4500,
5305, 5312; -— legata pro Terre &assi-e subsidio,
3460. 4025, 4026, 4083, 4265, 4266, 4268, 4269,
4316, 4432, 4519 ὲ 4522, 4527, 4672 ἐι 4687,
52916, 5302, 61003.

Legati, 628, 816, 966, 993, 1002, 1023, 1397, 1481.
1482, 1483, 1485, 1923, 2832, 3627, 3628, 5099,
5181, 6030, 6031; „1 legatorum procurationes.
954, 961, 1139, 1835, 2160 ἐι 2162, 2311, 2383,
4175, 4248, 4431, 4491; ψ legati 111 partibus
Alenmnie, 49, 77. 113, 297, 362, 363, 410, 415,

ΤΛΒΙΛίὃ

418, 420, 421 ii 424, 429, 437, 599, 976, 977,
1116, 1164, 1278, 1365, 1656, 1766, 1945, 2176,
2211, 2621, 3221, 4920; - ligati in partibus
Anglic, 651, 1776, 1915, 2956, 3298, 3509, 3510
ἐι 3513, 3578 ἐι 3580, 3605 Ξὶ 3607, 3614, 3620,
3621, 3626 {1 3629, 3647, 3834, 3835, 4078, 4548,
4609, 4610, 4738, 4805, 5209, 5243, 5388, 5888,
5915, 5916, 5917, 5921, 5939, 5957, 6007; -
legati ad Assanum, (lominum Bulgarorum,
3720, 4482, 4483; — legati in Bohemia, 7: -—
lffgati apud Bosnenses, 278, 4691, 4693, 4694,
4695; - legati jn Cumania, 139, 556, 830, 2120;
— legati in partibus Dacie, 79¹6: —- legati in par-
tibus Gallie, 130, 131, 133, 134, 155, 182, 216,
229, 236, 232 {1 234, 236 {1 240, 409, 443, 444,
445, 447, 459, 471, 477, 622, 641, 781, 816, 897,
939, 949, 1023, 1056, 1104, 1130, 1211, 1273,
1364, 1409, 1448, 1457, 1471 {1 1486, 1567, 1574,
1577, 1580, 1688, 1709, 1711, 1731, 1771, 1832,
1883, 1884, 1894, 1909, 1912, 1913, 1914, 1917,
1918, 1923. 1963, 2020, 2109, 2119, 2218, 2284,
2294, 2419, 2424, 2518, 2679, 2695, 2697, 2732,
2831, 2841, 2850 ξι 2852, 2885, 3126, 3498, 3501,
3524, 3527, 3625, 3699, 3702 ἐι 3704, 3782, 3800,
3801, 3837, 3886, 3905, 3926, 3934, 4023, 4030,
4038, 4193, 4209, 4295, 4337, 4338, 4347 ἐι 4353,
4397 ἐι 4399, 4422, 4442, 4446, 4448, 4494, 4497,
4508, 4758 ὲ 4781, 4808, 4847, 4924 ἐι 4926, 4934,
4936, 5016, 5155, 5213, 5247, 5249, 5268, 5281,
5285, 5293, 5332, 5348, 5397, 51405, 54110, 5411,
5417, 5888, 5920, 5930, 5932, 5938, 5939; —-
legati 111 Hispania, 247, 266 ὲ 268, 283, 324, 386,
526, 594, 604, 616, 628, 829, 920. 1122, 1318, 1737,
1756, 1908, 1949, 2104, 2154, 2298, 2299, 2791,
3113, 4066, 4525, 4900, 5038, 5068, 5391; —
legali 111 Hungaria, 830, 935, 1008, 1096, 1098,
1367, 1368, 1377, 1498. 1499, 1500, 1749, 1926,
1932, 1969, 2036, 2060, 2129, 2322, 2734, 2759,
2760, 3296, 3717, 3718, 4056, 4058, 4060, 4475,
4482, 4483; μ legati in ltalia, 158, 226, 257,
296, 324. 391, 406. 462, 535, 578, 617, 813, 947,
991, 1081 ἐι 1083, 1270. 1320, 1488, 1501, 1668,
1683, 1687, 1697, 1864, 2453, 2483, 2575 il 2579,
2603, 2777, 2780, 2924, 2960, 3384, 3385, 3539,
3600, 3630, 3667, 3675 ἐι 3686, 4084, 4086, 4108,
4251, 4573, 5122, 5236. 5241, 5242, 5255, 5256,
5257, 5368, 5401, 5403; legati in Polonia,
4394: (ψ lvgati 111 mussi„ (ι’, lxm-011³... 324.
394, 758 ἐι 764, 767, 768, 771. 772, 1248, 1814,
1816, 1817, 2097, 2286, 2287, 3650, 3653, 3654,

