322 intuitui-113 ΙΧ ’1141511ᾆὸ

1“ ‹ ι ιὝΗΑ51· 11343151-1165 l'a›·1··1v mss· {mussans lv'0·1“1·1{1xs·r Ransmms 1'‹›'1·'1'HAS'1' Rsstzts'rnsss
8010 4 (16651 8074 4 (16651 8137 -4 (16651 8201 4 deest
8011 4 (16651 8075 444 deest 8138 4 - deest 8202 44 (16651
8012 4 deest 8070 4 deest 8139 4 (16651 8203 4 deest
8013 4 deest 8077 — deest 8140 44 (16651 8204 4 deest
8014 — deest 8078 4 (16651 8141 4 (16651 8205 4 (16651
8015 4 (16651 8079 4 deest 8142 — deest 8206 4 deest
8010 w« deest 8080 4 (16651 8143 4 deest 8207 4 (16651
8017 4 (16651 8081 4 (16651 8144 4 deest 8208 4 (16651
8018 4 146 8082 4· deest 8145 4 (16651 8209 4 201
8019 4- 145 8083 4 (16651 8146 - 4 deest 8210 44 deest
8020 4 deest 8084 4 deest 8147 44 29 8211 -4 deest
8021 -4 deest 8085 4 (16651 8148 4 35 8212 4 deest
8022 4 deest 8086 44 deest 8149 4 34 8213 4 (16651
8023 4 deest 8087 4 deest 8150 -4- 229 8214 4 (16651 v
8024 4 deest 8088 -4 (16651 8151 4 183 8215 4 deest
8025 4 (16651 8089 4 deest 8152 4- 184 8216 4 deest
8026 4 (16651 8090 44 deest 8153 4 186 8217 4 deest
8027 4 153 8091 4 deest 8154 4 187 8218 4· (16651
8028 44 deest 8092 4 deest 8155 4 4- 185 8219 4 deest
8029 4 deest 8093 mest 8156 4 192 3229 4 deest
8030 4 deest 8094 4 deest 8157 > 4 deest 8221 4 deest
8031 4 151 8095 4 deest 8158 - - deest 8222 44 deest
8032 4 deest 8096 444 deest 8159 — deest 8223 4 (16651
8033 44 154 8097 4- (16651 8100 4 (16651 8224 4 215
8034 4 (16651 8098 4 deest 8161 --4 deest 8225 4 deest
8035 4 deest 8099 4 - 168 8162 4 181, 6106 8226 4 deest
8036 —- deest Ι 8100 4 (16651 ¹ 8103 4 deest ε 8227 4 (16651
8037 4 deest 8101 4 109 ι 8104 44 188 8228 4 (16651
8038 4 deest 8102 4 170 8105 4 deest 8229 4 208 (Ἰ)
8039 4 (16651 8103 —- 171 8100 4 deest 8230 44 deest
8040 44 deest 8104 4 (16651 8107 >-4 (16651 8231 4· 203
8041 4 deest 8105 —- 172 8108 44 deest 8232 -4 deest
8042 4 deest 8100 4 deest 8109 4 191 8233 4 deest
8043 -4 (16651 8107 4 deest 8170 4 4 189 8234 4 deest
8044 4 178, 0104 8108 4 (16651 8171 4 deest 8235 4 (16651
8045 4 deest 8109 44 (1(651 8172 44- (16651 8236 4 204
8046 4 (16651 8110 4 173 8173 4·- deest 8237 4 deest
8047 4 152 8111 4 (16651 8174 4 (16651 8238 4 deest
8048 4 (16651 8112 44 deest 8175 -4 deest 8239 4 deest
8049 4 166, 6103 8113 4 deest 8176 4 4 deest 8240 4 212
8050 4 (16651 8114 4 (16651 8177 4 202 8241 4 (16651
8051 44 (16651 8115 4- (16651 8178 4- (16651 8242 4 214
8052 4 deest 8110 4 deest 8179 4 4 deest 8243 4 deest
8053 4 155, 4782 8117 44 deest 8180 44 deest 8244 4 deest
8054 4 deest 8118 »- 4 deest 9161 4 deest 8245 4 deest
8055 4 deest 81 19 4 (16651 8182 44· (16651 8246 4 deest
8056 4 deest 8120 44 deest 8183 4 deest 8247 4 deest
8057 4 deest 8121 4 (16651 8184 4 deest 8248 4 deest
8058 — deest 8122 4 deest 8185 4 (16651 8249 4 deest
8059 4 deest 8123 4 deest 8180 4 (16651 8250 4 deest
8060 4 deest 812321 44 deest 8187 4 deest 8251 4 deest
8061 4 deest 8124 44 (16651 8188 --- deest 8252 *e deest
8062 4 (16651 8125 4 deest 8189 44 193, 6107 8253 4 (16651
8063 4 deest 8120 deest 8190 4 deest 8254 4 deest
8064 4 deest 8127 4 (16651 8191 4 deest 8255 4 deest
8065 4 deest 8128 4 (16651 8192 4 (16651 8256 4 deest
8066 4 deest 8129 4 deest 8193 4 (16651 8257 4 deest
8067 44 (16651 8130 4 deest 819³.- 4 (16651 8258 4 259
5969 4 deest 8131 - - (hest 9195 4 deest 8259 4 deest
8069 4 (16651 8132 4 deest 8196 deest 8260 4 deest
8070 4 deest 2:133 4 (16651 8197 4 197 8201 44 217
8071 44 (16651 8134 4 (16651 8198 4 (16651 8262 4 (16651
8072 44 deest 1 :⁴135 4 deest 8199 deest 8263 -e deest
8073 4 deest 8130 4 deest 8200 44 deest 8264 4 deest

